mono_front
-0.0062716301 0.0303626693 0.9995192719 3.3273137587
-0.9999429069 -0.0088381698 -0.0060058088 -0.1992388656
0.0086515687 -0.9994998725 0.0304163655 0.5566928679

mono_left
0.9975167526 -0.0094179208 0.0697970700 1.8693504635
-0.0572561871 -0.6855342392 0.7257854613 0.7787120638
0.0410128913 -0.7279794706 -0.6843711224 0.8834578976

mono_rear
0.0073999896 -0.0917352731 -0.9957559339 -0.6050885212
0.9998973572 -0.0115382540 0.0084937429 -0.1597381621
-0.0122684607 -0.9957165803 0.0916404741 0.8184748443

mono_right
-0.9970595208 -0.0537879312 0.0545817767 1.8557378657
-0.0763349324 0.6345884436 -0.7690711836 -1.1479418337
0.0067297832 -0.7709762420 -0.6368283476 0.9027484890

