%YAML:1.0
model_type: MEI
camera_name: mono_rear
image_width: 1280
image_height: 800
##########mirror_parameters:
xi: 2.5966210119597499e+00
#############
fx: 1512.1755568775
fy: 1513.9909900469
cx: 651.3595047680
cy: 390.2432494304
alpha: 0.0
##########distortion_parameters:
k1: 5.7255470888375862e-02
k2: 2.2980634759710385e+00
p1: 8.0186632045403661e-04
p2: 1.8547984705963064e-04
##########projection_parameters:
gamma1: 1.5121755568774531e+03
gamma2: 1.5139909900468544e+03
u0: 6.5135950476796779e+02
v0: 3.9024324943036817e+02

############# mono_front:
t1: -0.6050885212  
t2: -0.1597381621 
t3: 0.8184748443
r11: 0.0073999896  
r12: -0.0917352731 
r13: -0.9957559339
r21: 0.9998973572 
r22: -0.0115382540
r23: 0.0084937429
r31: -0.0122684607  
r32: -0.9957165803 
r33: 0.0916404741 
