%YAML:1.0
model_type: MEI
camera_name: mono_left
image_width: 1280
image_height: 800
mirror_parameters:
   xi: 2.0962463470872881e+00
distortion_parameters:
   k1: -1.1950347386503340e-01
   k2: 5.2994887958148074e-01
   p1: 5.8753504028824738e-04
   p2: 8.5214541824185023e-04
projection_parameters:
   gamma1: 1.3019283442900967e+03
   gamma2: 1.2988333979612328e+03
   u0: 6.3209863314324866e+02
   v0: 3.9187245234200611e+02
