%YAML:1.0
model_type: MEI
camera_name: mono_left
image_width: 1280
image_height: 800
##########mirror_parameters:
xi: 2.0962463470872881e+00
#############
fx: 1301.9283442901
fy: 1298.8333979612
cx: 632.0986331432
cy: 391.8724523420
alpha: 0.0
##########distortion_parameters:
k1: -1.1950347386503340e-01
k2: 5.2994887958148074e-01
p1: 5.8753504028824738e-04
p2: 8.5214541824185023e-04
##########projection_parameters:
gamma1: 1.3019283442900967e+03
gamma2: 1.2988333979612328e+03
u0: 6.3209863314324866e+02
v0: 3.9187245234200611e+02

############# mono_front:
t1: 1.8693504635  
t2: 0.7787120638 
t3: 0.8834578976
r11: 0.9975167526   
r12: -0.0094179208 
r13: 0.0697970700
r21: -0.0572561871 
r22: -0.6855342392
r23: 0.7257854613 
r31: 0.0410128913 
r32: -0.7279794706  
r33: -0.6843711224 
