%YAML:1.0
model_type: MEI
camera_name: mono_rear
image_width: 1280
image_height: 800
mirror_parameters:
   xi: 2.5966210119597499e+00
distortion_parameters:
   k1: 5.7255470888375862e-02
   k2: 2.2980634759710385e+00
   p1: 8.0186632045403661e-04
   p2: 1.8547984705963064e-04
projection_parameters:
   gamma1: 1.5121755568774531e+03
   gamma2: 1.5139909900468544e+03
   u0: 6.5135950476796779e+02
   v0: 3.9024324943036817e+02
