%YAML:1.0
model_type: MEI
camera_name: mono_front
image_width: 1280
image_height: 800
##########mirror_parameters:
xi: 2.3575651732707792e+00
#############
fx: 1408.7635631701
fy: 1408.2906649996
cx: 653.2604772699
cy: 389.0180463604
alpha: 0.0
##########distortion_parameters:
k1: -3.7756132335956052e-02
k2: 1.3082294911341918e+00
p1: -6.3781016908488969e-04
p2: -6.1552658106545262e-05
##########projection_parameters:
gamma1: 1.4087635631701332e+03
gamma2: 1.4082906649995764e+03
u0: 6.5326047726985223e+02
v0: 3.8901804636036530e+02

############# mono_front:
t1: 3.3273137587
t2: -0.1992388656
t3: 0.5566928679
r11: -0.0062716301          
r12: 0.0303626693
r13: 0.9995192719
r21: -0.9999429069 
r22: -0.0088381698 
r23: -0.0060058088
r31: 0.0086515687 
r32: -0.9994998725 
r33: 0.0304163655
