%YAML:1.0
model_type: MEI
camera_name: mono_right
image_width: 1280
image_height: 800
##########mirror_parameters:
xi: 2.3144443807634993e+00
#############
fx: 1395.6725731291
fy: 1393.3344410277
cx: 635.8466442802
cy: 387.7324018566
alpha: 0.0
##########distortion_parameters:
k1: -8.6159553082830534e-02
k2: 1.2794296446686166e+00
p1: -1.0972372300891234e-03
p2: -7.7936526982220794e-04
##########projection_parameters:
gamma1: 1.3956725731290505e+03
gamma2: 1.3933344410276570e+03
u0: 6.3584664428019767e+02
v0: 3.8773240185660234e+02

############# mono_front:
t1: 1.8557378657  
t2: -1.1479418337 
t3: 0.9027484890
r11: -0.9970595208                 
r12: -0.0537879312 
r13: 0.0545817767
r21: -0.0763349324 
r22: 0.6345884436
r23: -0.7690711836
r31: 0.0067297832 
r32: -0.7709762420 
r33: -0.6368283476
