%YAML:1.0
model_type: MEI
camera_name: mono_front
image_width: 1280
image_height: 800
mirror_parameters:
   xi: 1.9977291942152635e+00
distortion_parameters:
   k1: -1.4323019440500401e-01
   k2: 3.6454533560468144e-01
   p1: 1.1808913717561867e-03
   p2: -2.0702296674585550e-04
projection_parameters:
   gamma1: 1.2555714935726251e+03
   gamma2: 1.2558475699449739e+03
   u0: 6.5330202187690679e+02
   v0: 3.8577652975682889e+02
