%YAML:1.0
model_type: MEI
camera_name: mono_left
image_width: 1280
image_height: 800
mirror_parameters:
   xi: 2.0805257286735834e+00
distortion_parameters:
   k1: -1.1922386858073473e-01
   k2: 4.7060156072425663e-01
   p1: 1.6209790634535224e-03
   p2: 3.2506217445114577e-03
projection_parameters:
   gamma1: 1.2998996489031899e+03
   gamma2: 1.3005741159157678e+03
   u0: 6.3026193312925352e+02
   v0: 3.9123826191298957e+02
