mono_front
0.0022664591 0.0305354976 0.9995311133 3.3776433400
-0.9999389819 0.0108760213 0.0019351234 0.0008253945
-0.0108118317 -0.9994745097 0.0305582845 0.5671647332

mono_left
0.9979975076 -0.0062065220 0.0629480256 1.8651242380
-0.0508137360 -0.6713169182 0.7394265072 0.9906747045
0.0376688077 -0.7411444356 -0.6702879877 0.9264310151

mono_rear
-0.0005030555 -0.0932410598 -0.9956434360 -0.6981675937
0.9999753365 0.0069278197 -0.0011540280 0.0064424272
0.0070052410 -0.9956194605 0.0932352751 0.8533999449

mono_right
-0.9962553696 -0.0608213347 0.0614491961 1.8615763779
-0.0862453455 0.6491084479 -0.7557909521 -0.9963280402
0.0060810222 -0.7582605015 -0.6519233337 0.9155332765

