%YAML:1.0
model_type: MEI
camera_name: mono_right
image_width: 1280
image_height: 800
#############mirror_parameters:
xi: 2.2408625093035388e+00
#############
fx: 1364.1468404987
fy: 1363.1063945944
cx: 635.6406307044
cy: 387.9694895666
alpha: 0.0
#############distortion_parameters:
k1: -1.0239641307247446e-01
k2: 1.0034340145564342e+00
p1: -1.5472358474146225e-03
p2: -8.6378992200830814e-04
#############projection_parameters:
gamma1: 1.3641468404987454e+03
gamma2: 1.3631063945943565e+03
u0: 6.3564063070439306e+02
v0: 3.8796948956663488e+02

################ mono_right:
t1: 1.8615763779 
t2: -0.9963280402 
t3: 0.9155332765
r11: -0.9962553696 
r12: -0.0608213347 
r13: 0.0614491961
r21: -0.0862453455 
r22: 0.6491084479 
r23: -0.7557909521
r31: 0.0060810222 
r32: -0.7582605015 
r33: -0.6519233337
