%YAML:1.0
model_type: MEI
camera_name: mono_left
image_width: 1280
image_height: 800
#############mirror_parameters:
xi: 2.1577216765809824e+00
#############
fx: 1328.7460559697
fy: 1326.9429604627
cx: 632.5740266690
cy: 392.4881541720
alpha: 0.0
#############distortion_parameters:
k1: -1.1091537955734111e-01
k2: 7.0879767940415583e-01
p1: -1.4728420684600757e-05
p2: 7.9115820126834382e-04
#############projection_parameters:
gamma1: 1.3287460559697388e+03
gamma2: 1.3269429604627401e+03
u0: 6.3257402666898861e+02
v0: 3.9248815417203502e+02

############## mono_left:
t1: 1.8651242380 
t2: 0.9906747045 
t3: 0.9264310151
r11: 0.9979975076 
r12: -0.0062065220 
r13: 0.0629480256
r21: -0.0508137360 
r22: -0.6713169182 
r23: 0.7394265072
r31: 0.0376688077 
r32: -0.7411444356 
r33: -0.6702879877
