%YAML:1.0
model_type: MEI
camera_name: mono_front
image_width: 1280
image_height: 800
#############mirror_parameters:
xi: 2.1437173371589706e+00
#############
fx: 1317.6832521970
fy: 1320.9026877873
cx: 653.3090402495
cy: 389.3993672808
alpha: 0.0
#############distortion_parameters21:
k1: -3.7756132335956052e-02
k2: 1.3082294911341918e+00
p1: -6.3781016908488969e-04
p2: -6.1552658106545262e-05
#############distortion_parameters:
#k1: -9.8357295360968516e-02
#k2: 6.2225763140315749e-01
#p1: -4.5619978485988158e-04
#p2: -3.4798569417518666e-04
#############projection_parameters:
gamma1: 1.3176832521969886e+03
gamma2: 1.3209026877872586e+03
u0: 6.5330904024951144e+02
v0: 3.8939936728076214e+02

############# mono_front:
t1: 3.3776433400 
t2: 0.0008253945 
t3: 0.5671647332
r11: 0.0022664591 
r12: 0.0305354976 
r13: 0.9995311133
r21: -0.9999389819 
r22: 0.0108760213 
r23: 0.0019351234
r31: -0.0108118317 
r32: -0.9994745097 
r33: 0.0305582845
