%YAML:1.0
model_type: MEI
camera_name: mono_right
image_width: 1280
image_height: 800
mirror_parameters:
   xi: 2.2408625093035388e+00
distortion_parameters:
   k1: -1.0239641307247446e-01
   k2: 1.0034340145564342e+00
   p1: -1.5472358474146225e-03
   p2: -8.6378992200830814e-04
projection_parameters:
   gamma1: 1.3641468404987454e+03
   gamma2: 1.3631063945943565e+03
   u0: 6.3564063070439306e+02
   v0: 3.8796948956663488e+02
