%YAML:1.0
model_type: MEI
camera_name: mono_front
image_width: 1280
image_height: 800
mirror_parameters:
   xi: 2.1437173371589706e+00
distortion_parameters:
   k1: -9.8357295360968516e-02
   k2: 6.2225763140315749e-01
   p1: -4.5619978485988158e-04
   p2: -3.4798569417518666e-04
projection_parameters:
   gamma1: 1.3176832521969886e+03
   gamma2: 1.3209026877872586e+03
   u0: 6.5330904024951144e+02
   v0: 3.8939936728076214e+02
