%YAML:1.0
model_type: MEI
camera_name: mono_rear
image_width: 1280
image_height: 800
mirror_parameters:
   xi: 2.0330757073647772e+00
distortion_parameters:
   k1: -1.3749907429793967e-01
   k2: 4.3728357808570062e-01
   p1: -4.6325846089802615e-04
   p2: 3.8176730496074777e-04
projection_parameters:
   gamma1: 1.2715242825524069e+03
   gamma2: 1.2716210565947333e+03
   u0: 6.5094666978868679e+02
   v0: 3.8944581209540149e+02
