%YAML:1.0
model_type: MEI
camera_name: mono_left
image_width: 1280
image_height: 800
mirror_parameters:
   xi: 1.9946761596333027e+00
distortion_parameters:
   k1: -1.4630357875009983e-01
   k2: 3.7041324810353360e-01
   p1: 1.1670877617613671e-03
   p2: 1.3510570822495682e-03
projection_parameters:
   gamma1: 1.2591235609447062e+03
   gamma2: 1.2589814774267932e+03
   u0: 6.3141551387182346e+02
   v0: 3.9093698710782786e+02
