%YAML:1.0
model_type: MEI
camera_name: mono_front
image_width: 1280
image_height: 800
mirror_parameters:
   xi: 1.9249718982791970e+00
distortion_parameters:
   k1: -1.6324962512475213e-01
   k2: 2.9366539994202795e-01
   p1: 5.1994130518287691e-04
   p2: 6.3567760596656468e-05
projection_parameters:
   gamma1: 1.2214222477561264e+03
   gamma2: 1.2216576853438821e+03
   u0: 6.5287148527161412e+02
   v0: 3.8724947215228116e+02
